0 0.48786 0.245927 0.476895 0.262114 0.47063 0.276734 0.46593 0.298663 0.464364 0.32947 0.470238 0.352444 0.486294 0.38325 0.494518 0.394215 0.505091 0.390038 0.507832 0.391082 0.506266 0.401003 0.514098 0.410923 0.512531 0.401003 0.50979 0.379073 0.509398 0.337302 0.50979 0.285088 0.503524 0.267335
0 0.359806 0.435464 0.373512 0.442251 0.386435 0.44434 0.406407 0.440163 0.418546 0.434942 0.431469 0.425543 0.452224 0.4151 0.469455 0.413534 0.479245 0.405702 0.483944 0.402569 0.475329 0.389515 0.458882 0.380117 0.43891 0.377506 0.419721 0.381161 0.404057 0.388471 0.388393 0.401003 0.375862 0.411967 0.366855 0.42241
0 0.41463 0.441207 0.408365 0.456871 0.414239 0.468881 0.424029 0.474102 0.439693 0.470447 0.461231 0.450606 0.481986 0.433897 0.494518 0.418233 0.503524 0.404657 0.505091 0.395259 0.502741 0.391082 0.49256 0.398392 0.482769 0.406224 0.472588 0.411967 0.456532 0.4151 0.443217 0.418755 0.432644 0.427632 0.420504 0.435986
0 0.558741 0.362364 0.55365 0.374896 0.546209 0.394215 0.544251 0.411967 0.541902 0.430242 0.544251 0.452172 0.552475 0.469403 0.561873 0.4835 0.569706 0.488722 0.574796 0.491855 0.58302 0.491332 0.593202 0.493943 0.608474 0.498642 0.614348 0.500731 0.609258 0.491332 0.609258 0.461571 0.606125 0.421366 0.597901 0.392648 0.590069 0.385338 0.578712 0.375418 0.568531 0.367586
0 0.565398 0.199457 0.572838 0.217732 0.586936 0.236007 0.601034 0.251149 0.609649 0.265769 0.62453 0.284566 0.639803 0.30023 0.651159 0.313805 0.664082 0.33208 0.66839 0.336779 0.669956 0.326859 0.658208 0.304929 0.660949 0.289265 0.670739 0.277256 0.662124 0.261069 0.649593 0.243317 0.633537 0.226608 0.616306 0.216688 0.598293 0.210944 0.581454 0.204156
0 0.672306 0.333124 0.681313 0.348266 0.689145 0.356621 0.696194 0.359231 0.711466 0.351399 0.724389 0.332602 0.732221 0.309628 0.729088 0.298663 0.715382 0.286132 0.70011 0.287176 0.68562 0.282477 0.675439 0.280388 0.666432 0.285088 0.659774 0.29553 0.661341 0.309106 0.667998 0.318505
0 0.704809 0.282477 0.716557 0.267857 0.735354 0.258459 0.755326 0.253759 0.771773 0.255848 0.774123 0.268901 0.77334 0.289787 0.765899 0.304407 0.753368 0.316938 0.739662 0.328947 0.727522 0.336257 0.71969 0.3467 0.705201 0.359754 0.721648 0.336779 0.732221 0.31015 0.725172 0.291876 0.716165 0.283521
0 0.672306 0.336257 0.665257 0.342001 0.658208 0.353488 0.652726 0.367586 0.649984 0.382206 0.648026 0.402047 0.657816 0.411445 0.670739 0.418233 0.681704 0.432331 0.693844 0.413534 0.703634 0.387427 0.703634 0.36863 0.704026 0.358709 0.696194 0.358709 0.680921 0.351921 0.676222 0.338346
0 0.559178 0.529446 0.539801 0.529035 0.519193 0.535597 0.501969 0.54708 0.489358 0.567175 0.4789 0.58522 0.475517 0.608186 0.472133 0.629101 0.472749 0.645915 0.498585 0.645915 0.516732 0.638123 0.54626 0.614747 0.563484 0.597113 0.573327 0.579888 0.565022 0.573327 0.560101 0.559383 0.559178 0.542159
0 0.562869 0.496227 0.559793 0.512631 0.559793 0.524524 0.559486 0.54749 0.561946 0.566765 0.569328 0.577838 0.581631 0.582759 0.595165 0.579478 0.602854 0.571686 0.6047 0.557743 0.609621 0.54749 0.614542 0.537648 0.627153 0.527395 0.628383 0.512631 0.618233 0.504019 0.598856 0.496637 0.577633 0.491306
0 0.602854 0.574147 0.604085 0.593422 0.604085 0.611056 0.612082 0.617618 0.635458 0.614337 0.655758 0.606135 0.669599 0.599573 0.676981 0.576198 0.676673 0.554462 0.668676 0.539288 0.661294 0.541339 0.646223 0.537238 0.634843 0.524934 0.630844 0.515502 0.627768 0.525755 0.619156 0.534777 0.611774 0.544619 0.608391 0.558973
0 0.611774 0.425279 0.612697 0.441683 0.615773 0.460138 0.619464 0.480233 0.62377 0.494177 0.627461 0.50812 0.634535 0.521243 0.644993 0.534367 0.658834 0.538058 0.668369 0.537238 0.67206 0.522884 0.676673 0.513862 0.683748 0.487615 0.677596 0.457677 0.668984 0.435531 0.656988 0.424459 0.636073 0.421998 0.619156 0.425279
0 0.620079 0.380988 0.62623 0.396982 0.635765 0.413386 0.638533 0.419127 0.653297 0.423638 0.658834 0.426509 0.671444 0.442093 0.676366 0.447425 0.687131 0.454806 0.695128 0.465879 0.700664 0.46793 0.695128 0.450705 0.686516 0.442913 0.680672 0.432251 0.672367 0.418717 0.659756 0.411335 0.648684 0.402313 0.635765 0.395751 0.628076 0.387549
0 0.687746 0.438402 0.696666 0.424869 0.714505 0.409285 0.7305 0.399852 0.739727 0.394521 0.74311 0.403133 0.740957 0.43102 0.738189 0.455217 0.731115 0.46711 0.722502 0.479003 0.716966 0.485974 0.699742 0.494997 0.68221 0.502379 0.682825 0.494587 0.684363 0.483924 0.678519 0.460138 0.676981 0.452346 0.679134 0.449885 0.688054 0.455627 0.694513 0.464649 0.700049 0.46834 0.699126 0.454806 0.695743 0.447835
0 0.580094 0.677904 0.558871 0.686926 0.541339 0.700459 0.523191 0.713993 0.507197 0.734498 0.495202 0.754593 0.48905 0.766076 0.505967 0.771407 0.523807 0.776329 0.550566 0.776329 0.573634 0.763615 0.58686 0.747621 0.605315 0.728757 0.621924 0.694718 0.621924 0.679544 0.620079 0.658219 0.593012 0.659449 0.609006 0.66396 0.613927 0.669701 0.617003 0.677493 0.598548 0.682415
0 0.534572 0.682825 0.530266 0.699639 0.530881 0.70456 0.561946 0.685285
0 0.52596 0.654938 0.51827 0.66437 0.51581 0.675443 0.519808 0.681184 0.534572 0.680774 0.560716 0.682825 0.578248 0.675033 0.602239 0.682415 0.617003 0.676673 0.60593 0.66601 0.579786 0.659039 0.549643 0.652477
0 0.550874 0.648376 0.562254 0.62541 0.573634 0.618848 0.593935 0.604905 0.602854 0.598753 0.6047 0.611467 0.612082 0.616798 0.616695 0.616798 0.623155 0.619669 0.624385 0.637303 0.625 0.652887 0.625615 0.66478 0.624692 0.670932 0.621617 0.657398 0.613004 0.657808 0.595472 0.659449 0.571789 0.659449
0 0.624077 0.675443 0.622232 0.700869 0.625923 0.717684 0.631459 0.731627 0.639764 0.748442 0.652682 0.757874 0.666831 0.764436 0.690822 0.764436 0.708661 0.762385 0.718504 0.756234 0.71266 0.744341 0.704355 0.729577 0.70128 0.721785 0.679134 0.70128 0.650837 0.682005 0.628999 0.666421
0 0.668984 0.600394 0.661909 0.615157 0.653297 0.639764 0.650529 0.658629 0.649914 0.673392 0.649914 0.680364 0.684363 0.70374 0.698204 0.717684 0.706201 0.728757 0.718196 0.745571 0.696973 0.765256 0.668984 0.767717 0.681902 0.783301 0.696973 0.766896 0.718504 0.746391 0.704048 0.721375 0.704048 0.70292 0.696666 0.691847 0.700972 0.670112 0.712352 0.638123 0.719427 0.617208 0.700972 0.590141 0.687746 0.575377 0.678519 0.569226 0.676058 0.582349
0 0.64472 0.615462 0.643778 0.613579 0.647543 0.625502 0.651779 0.632405 0.658368 0.618599 0.669192 0.598519 0.653191 0.605422
0 0.708255 0.705823 0.717668 0.713981 0.724256 0.709588 0.735552 0.702686 0.733669 0.715863 0.721433 0.732179 0.718609 0.731551 0.715785 0.736571 0.708726 0.723394
0 0.720062 0.619434 0.714993 0.633747 0.708731 0.65124 0.70396 0.663566 0.701276 0.674698 0.698593 0.687818 0.70068 0.698155 0.706644 0.703324 0.718571 0.710083 0.736164 0.701336 0.739444 0.68583 0.741531 0.660385 0.733182 0.650048 0.721851 0.628976
0 0.751965 0.663865 0.760645 0.700414 0.777092 0.71808 0.784859 0.732091 0.797652 0.771077 0.819582 0.804581 0.848821 0.831384 0.854761 0.792398 0.852476 0.736355 0.83146 0.679703 0.801764 0.638889 0.785773 0.628533 0.773438 0.646808 0.761559 0.655945
0 0.817754 0.624269 0.832831 0.640107 0.841968 0.658991 0.847451 0.688231 0.851562 0.729654 0.831917 0.680312 0.81547 0.654727 0.801764 0.637671 0.785316 0.63097 0.788514 0.621223
0 0.736888 0.490253 0.722725 0.501218 0.722268 0.519493 0.720897 0.546296 0.725923 0.580409 0.736888 0.598684 0.746939 0.620005 0.754706 0.633406 0.762929 0.644981 0.777549 0.631579 0.789885 0.612695 0.801307 0.599293 0.803134 0.568835 0.797195 0.54386 0.785316 0.520712 0.770696 0.515838 0.765671 0.499391 0.751508 0.496954
0 0.718156 0.517057 0.709476 0.537159 0.705821 0.553606 0.705364 0.583455 0.717699 0.609649 0.724552 0.632188 0.739172 0.6596 0.74831 0.66691 0.768412 0.655336 0.784402 0.632188 0.792626 0.614522 0.78623 0.620005 0.773438 0.636452 0.762473 0.643762 0.749223 0.626096 0.738258 0.604776 0.728207 0.580409 0.720897 0.56518 0.718613 0.541423
0 0.793997 0.618787 0.810444 0.620614 0.829176 0.618787 0.848364 0.603558 0.8607 0.589547 0.836943 0.585283 0.811815 0.570663 0.802677 0.565789 0.803591 0.581019 0.803591 0.599293 0.796281 0.608431
0 0.689587 0.523073 0.695694 0.511536 0.715544 0.496607 0.732339 0.491178 0.724196 0.5 0.720633 0.511536 0.71707 0.518322 0.709436 0.533252 0.705873 0.552932 0.69264 0.545467
0 0.740482 0.485071 0.75168 0.442997 0.768475 0.406352 0.791887 0.37785 0.805629 0.366314 0.816826 0.389387 0.818353 0.410423 0.813772 0.440961 0.801048 0.469463 0.779672 0.487785 0.769493 0.496607 0.75168 0.496607
0 0.739465 0.467427 0.749644 0.411102 0.757278 0.360206 0.774583 0.314061 0.792905 0.332383 0.802066 0.356135 0.803084 0.36835 0.786798 0.3826 0.766439 0.411102 0.753206 0.442318 0.744045 0.474891
0 0.82161 0.413515 0.842366 0.405058 0.874077 0.405827 0.898293 0.420434 0.92078 0.437346 0.936347 0.45349 0.931734 0.479628 0.916167 0.503459 0.904636 0.516528 0.866006 0.521141 0.843519 0.519603 0.80316 0.506534 0.773755 0.494234 0.799124 0.475784 0.812385 0.441959
0 0.909248 0.511916 0.933464 0.551891 0.93577 0.574954 0.936923 0.591867 0.905789 0.607242 0.872348 0.594942 0.863123 0.593404 0.831411 0.58341 0.809502 0.563423 0.791052 0.537285 0.780673 0.518835 0.780673 0.505766 0.793358 0.501922 0.823916 0.514991 0.864852 0.518066