0 0.34259 0.243193 0.326346 0.266914 0.324799 0.303012 0.335628 0.339109 0.348004 0.363861 0.365795 0.383457 0.353419 0.333952 0.357287 0.28651
0 0.238165 0.350454 0.257503 0.332921 0.276067 0.320545 0.300046 0.318482 0.320158 0.326733 0.335628 0.343234 0.345684 0.369018 0.351872 0.386551 0.336402 0.390677 0.303914 0.386551 0.267559 0.383457 0.237392 0.374175
0 0.286897 0.386551 0.251315 0.403053 0.2459 0.42368 0.229657 0.437087 0.231204 0.459777 0.233524 0.474216 0.268332 0.455652 0.30314 0.431931 0.330213 0.405116 0.350325 0.399959 0.326346 0.388614
0 0.466352 0.179249 0.457843 0.214315 0.467899 0.239068 0.484143 0.278259 0.497293 0.298886 0.511989 0.323639 0.52978 0.339109 0.54293 0.346328 0.552212 0.313325 0.547571 0.267946 0.532874 0.226691 0.515084 0.204002 0.48569 0.188531
0 0.559174 0.352517 0.570777 0.314356 0.596303 0.295792 0.620282 0.291667 0.652769 0.299917 0.645034 0.31745 0.635752 0.346328 0.614093 0.357673 0.5847 0.374175 0.573097 0.36283
0 0.563041 0.329827 0.549892 0.338078 0.542157 0.350454 0.551439 0.361799
0 0.531327 0.359736 0.520498 0.379332 0.51431 0.409241 0.515084 0.445338 0.538289 0.437087 0.56923 0.407178 0.580059 0.374175 0.556853 0.386551 0.544477 0.395833
0 0.49884 0.325701 0.503481 0.338078 0.528233 0.34736 0.539062 0.371081 0.546798 0.384488 0.575418 0.372112 0.546024 0.357673 0.532101 0.341172
0 0.452429 0.318482 0.431544 0.358705 0.43077 0.411304 0.4416 0.435025 0.47022 0.440182 0.467899 0.419554 0.467126 0.382426 0.484143 0.388614 0.473314 0.349422
0 0.470655 0.386941 0.471291 0.432673 0.494792 0.447917 0.52655 0.46062 0.505589 0.426745 0.492251 0.392869
0 0.443979 0.438601 0.442073 0.480945 0.44779 0.516514 0.473196 0.543614 0.493521 0.535146 0.513847 0.527524 0.518928 0.502117 0.517658 0.461467 0.485264 0.441988 0.461763 0.439448
0 0.524644 0.46062 0.545605 0.446223 0.560213 0.444529 0.553227 0.462314 0.542429 0.48772 0.538618 0.507199 0.52782 0.506352 0.520833 0.480945
0 0.539253 0.520749 0.54624 0.480945 0.56593 0.438601 0.579903 0.420816 0.597053 0.43606 0.604675 0.458079 0.602134 0.481792 0.593877 0.478404 0.575457 0.48772
0 0.54751 0.438601 0.570376 0.421663 0.605945 0.42251 0.625 0.430979 0.652947 0.464854 0.673272 0.502117 0.64342 0.500423 0.619284 0.506352 0.60531 0.495342 0.605945 0.462314 0.592607 0.430979 0.577998 0.421663 0.56593 0.439448
0 0.607215 0.51228 0.647231 0.50127 0.680259 0.508892 0.699949 0.526677 0.720274 0.561399 0.730437 0.573255 0.718369 0.595274 0.697409 0.612212 0.680259 0.622375 0.653582 0.624915 0.62627 0.617293 0.593877 0.594428 0.560849 0.562246 0.593877 0.554624 0.60404 0.529217
0 0.531631 0.540227 0.556402 0.50127 0.586255 0.483486 0.597688 0.482639 0.604675 0.502117 0.599593 0.532605 0.58689 0.553777 0.563389 0.559705 0.544334 0.557165
0 0.556402 0.58003 0.564024 0.616446 0.5672 0.641006 0.581174 0.659638 0.613567 0.691819 0.64342 0.702829 0.683435 0.697747 0.696773 0.690125 0.694233 0.650322 0.683435 0.619834 0.651677 0.624915 0.621189 0.617293 0.605945 0.605437 0.588161 0.585959 0.566565 0.567327 0.555767 0.564787
0 0.438897 0.476711 0.40841 0.464007 0.379827 0.466548 0.35315 0.486873 0.337907 0.518208 0.33092 0.552083 0.355691 0.562246 0.385544 0.558012 0.41095 0.540227 0.433816 0.528371 0.443343 0.513127
0 0.445249 0.518208 0.4281 0.535993 0.417937 0.561399 0.412856 0.588499 0.413491 0.606284 0.442073 0.607131 0.471291 0.60459 0.493521 0.585959 0.510671 0.536839 0.510036 0.527524 0.478913 0.537686 0.455412 0.529217
0 0.414761 0.569868 0.38872 0.582571 0.366489 0.60459 0.360772 0.628303 0.365854 0.641006 0.393166 0.649475 0.393166 0.665566 0.405869 0.674881 0.43064 0.662178 0.456047 0.605437 0.432546 0.605437 0.414126 0.606284
0 0.358232 0.634231 0.326474 0.638465 0.308689 0.639312 0.335366 0.65625 0.369029 0.664719 0.391895 0.668106 0.393166 0.650322 0.374746 0.643547
0 0.328379 0.653709 0.314405 0.664719 0.299162 0.679116 0.323933 0.691819 0.349975 0.701135 0.363948 0.700288 0.395071 0.68335 0.40968 0.674881 0.386179 0.666413 0.35188 0.666413
0 0.530361 0.543614 0.506225 0.564787 0.490346 0.588499 0.479548 0.620681 0.477642 0.659638 0.48717 0.702829 0.498603 0.709604 0.537348 0.685891 0.561484 0.643547 0.560849 0.605437 0.552591 0.56394 0.539253 0.549543
0 0.486535 0.593581 0.464304 0.616446 0.459223 0.647781 0.464304 0.687585 0.464304 0.710451 0.475102 0.727388 0.518928 0.70791 0.561484 0.654556 0.557673 0.643547 0.539253 0.675728 0.518928 0.692666 0.48844 0.702829 0.483359 0.679963 0.478277 0.648628
0 0.56593 0.660484 0.574187 0.700288 0.583079 0.724848 0.604675 0.737551 0.630081 0.740091 0.637068 0.704522 0.618013 0.69436 0.594512 0.674035 0.578633 0.653709 0.56593 0.640159
0 0.553862 0.663872 0.54624 0.681657 0.542429 0.701135 0.537348 0.737551 0.536077 0.751948 0.540523 0.793445 0.54878 0.81377 0.566565 0.840871 0.579903 0.853574 0.591972 0.828167 0.603404 0.791751 0.607851 0.761264 0.607851 0.738398 0.58689 0.725694 0.576728 0.708757 0.572282 0.681657 0.567835 0.665566 0.562119 0.659638