0 0.319927 0.287743 0.309417 0.301756 0.304512 0.340994 0.310118 0.377429 0.330437 0.411996 0.354961 0.431614 0.369675 0.431614 0.37458 0.425075 0.368274 0.3821 0.357763 0.332586 0.337444 0.298954
0 0.351457 0.449365 0.340247 0.438154 0.321328 0.436286 0.290499 0.444694 0.26037 0.470852 0.246357 0.498879 0.235146 0.523169 0.22884 0.540919 0.254064 0.542788 0.275785 0.52784 0.299608 0.50355 0.311519 0.495142 0.33324 0.468049
0 0.337444 0.468984 0.31222 0.496076 0.303111 0.518498 0.317825 0.539985 0.340247 0.538117 0.362668 0.507287 0.37458 0.481129 0.388593 0.445628 0.380886 0.418535 0.371777 0.423206 0.358464 0.443759 0.350056 0.456839
0 0.38509 0.385837 0.38509 0.421338 0.392096 0.457773 0.403307 0.47926 0.428531 0.501682 0.44745 0.504484 0.461463 0.487668 0.474776 0.471786 0.462864 0.432549 0.441143 0.399851 0.41662 0.389574
0 0.542741 0.504484 0.533632 0.483931 0.521721 0.47272 0.499299 0.47272 0.485987 0.487668 0.469871 0.512892 0.45796 0.53438 0.481082 0.559604 0.499299 0.571749 0.52032 0.578288 0.53083 0.572683 0.539938 0.547459 0.544142 0.523169
0 0.453756 0.533445 0.425729 0.551196 0.406811 0.573617 0.393498 0.610052 0.394899 0.653027 0.401906 0.685725 0.412416 0.699738 0.432735 0.681988 0.456558 0.644619 0.474075 0.60725 0.481082 0.575486 0.481783 0.559604 0.466368 0.544656
0 0.55185 0.644619 0.548346 0.689462 0.535034 0.732436 0.52032 0.763266 0.492993 0.783819 0.463565 0.789425 0.462164 0.756726 0.477578 0.720291 0.474075 0.69787 0.46847 0.679185 0.46917 0.651158 0.482483 0.628737 0.488789 0.605381 0.497898 0.581091 0.518217 0.579223 0.527326 0.58296 0.544843 0.615658 0.55185 0.619395 0.511211 0.619395 0.491592 0.622197 0.474776 0.633408 0.466368 0.672646 0.472674 0.695067 0.482483 0.693199 0.501401 0.67358 0.516816 0.660501 0.544142 0.651158
0 0.551149 0.623132 0.512612 0.620329 0.485987 0.629671 0.474075 0.647422 0.469871 0.676383 0.475476 0.687593 0.495095 0.672646 0.528027 0.653027 0.550448 0.641816
0 0.577074 0.5213 0.565863 0.543722 0.558156 0.590433 0.560959 0.624066 0.574271 0.645553 0.590387 0.672646 0.6044 0.692265 0.617012 0.698804 0.63593 0.663303 0.647842 0.623132 0.646441 0.585762 0.630325 0.553064 0.607203 0.525037
0 0.553251 0.632474 0.564462 0.67358 0.588285 0.690396 0.609305 0.699738 0.597393 0.676383 0.579176 0.653027 0.567965 0.630605 0.558156 0.624066
0 0.643638 0.639948 0.65625 0.653027 0.659753 0.667975 0.659753 0.690396 0.645039 0.695067 0.632427 0.694133 0.627522 0.689462 0.631726 0.67358 0.642237 0.653027
0 0.652046 0.625934 0.66676 0.653027 0.679372 0.667975 0.684277 0.671712 0.685678 0.645553 0.682175 0.608184 0.673066 0.579223 0.660454 0.55867 0.665359 0.583894 0.66676 0.60725 0.659753 0.620329
0 0.631726 0.525037 0.647842 0.541854 0.65625 0.55867 0.665359 0.588565 0.661855 0.611921 0.648543 0.625934 0.649944 0.60071 0.646441 0.580157 0.632427 0.554933 0.623318 0.537182
0 0.588985 0.49701 0.57287 0.504484 0.565163 0.481129 0.572169 0.447496 0.585482 0.414798 0.588985 0.396114 0.607203 0.397048 0.618414 0.410127 0.622618 0.426943 0.624019 0.450299 0.61421 0.471786 0.609305 0.484865 0.597393 0.493274
0 0.680774 0.551196 0.7088 0.590433 0.734725 0.620329 0.76065 0.64275 0.787976 0.657698 0.790779 0.639013 0.775364 0.604447 0.763453 0.568012 0.745235 0.550262 0.722814 0.544656 0.700392 0.547459
0 0.651345 0.537182 0.668862 0.542788 0.696889 0.543722 0.730521 0.540919 0.75014 0.530643 0.769058 0.51009 0.779568 0.471786 0.75995 0.443759 0.731923 0.422272 0.704596 0.422272 0.668161 0.431614 0.652046 0.451233 0.626822 0.459641 0.607203 0.476457 0.6037 0.493274 0.584781 0.502616 0.586183 0.516629 0.610706 0.520366 0.637332 0.525972
0 0.611407 0.393311 0.631726 0.391442 0.648543 0.402653 0.663957 0.420404 0.668862 0.434417 0.654148 0.445628 0.638033 0.459641 0.622618 0.459641 0.624019 0.439088 0.621216 0.413864
0 0.497898 0.466181 0.477578 0.466181 0.467068 0.482063 0.450953 0.498879 0.446749 0.517564 0.450953 0.532511 0.460062 0.53438 0.469871 0.508221 0.483184 0.487668
0 0.539238 0.554933 0.548346 0.568012 0.559557 0.578288 0.566564 0.554933 0.568666 0.537182 0.575673 0.52784 0.557455 0.52784 0.538537 0.52784 0.54204 0.537182
0 0.529428 0.414798 0.525224 0.427877 0.526626 0.449365 0.534333 0.468049 0.546244 0.467115 0.559557 0.469918 0.566564 0.464312 0.570067 0.452167 0.566564 0.443759 0.559557 0.443759 0.549047 0.434417 0.544843 0.426009 0.537136 0.41293
0 0.45796 0.303625 0.465667 0.326046 0.477578 0.362481 0.491592 0.391442 0.502102 0.413864 0.506306 0.43722 0.506306 0.403587 0.507007 0.379297 0.507707 0.359679 0.496497 0.335389 0.485286 0.322309 0.466368 0.304559
0 0.509109 0.410127 0.523823 0.395179 0.545544 0.391442 0.570067 0.383969 0.596693 0.376495 0.581278 0.38864 0.555353 0.403587 0.539238 0.407324 0.527326 0.419469 0.523122 0.43068
0 0.62542 0.165359 0.629624 0.195254 0.63523 0.235426 0.631726 0.26719 0.626121 0.298954 0.61491 0.340994 0.626822 0.314836 0.641536 0.290546 0.650645 0.280269 0.654849 0.249439 0.653447 0.224215 0.644339 0.201794 0.634529 0.184978
0 0.653447 0.284006 0.680774 0.293348 0.701093 0.306428 0.722814 0.324178 0.734025 0.329783 0.726317 0.335389 0.698991 0.329783 0.681474 0.329783 0.659753 0.340994 0.653447 0.335389 0.638733 0.338191 0.62542 0.352205 0.61421 0.351271 0.624019 0.326046 0.636631 0.298954
0 0.663957 0.272795 0.682175 0.269058 0.703195 0.278401 0.71861 0.292414 0.736827 0.297085 0.747337 0.303625 0.75014 0.31577 0.727018 0.31577 0.706698 0.311099 0.690583 0.298954 0.675869 0.286809
0 0.36407 0.220478 0.402607 0.246637 0.42713 0.261584 0.45866 0.276532 0.482483 0.289611 0.500701 0.298019 0.487388 0.277466 0.476878 0.263453 0.485987 0.252242 0.472674 0.241031 0.446048 0.226084 0.425729 0.225149 0.38509 0.214873 0.372478 0.220478
0 0.48949 0.255045 0.499299 0.241966 0.519619 0.237294 0.546945 0.235426 0.560258 0.245703 0.553251 0.268124 0.547646 0.292414 0.535734 0.30923 0.523823 0.329783 0.523122 0.343797 0.506306 0.312967 0.500701 0.293348 0.492293 0.271861
0 0.52102 0.230755 0.528027 0.208333 0.543442 0.196188 0.557455 0.185912 0.567265 0.192451 0.57287 0.214873 0.573571 0.232623 0.566564 0.252242 0.555353 0.282138 0.539938 0.301756 0.548346 0.26719 0.555353 0.257848 0.560959 0.240097 0.546945 0.227952 0.535734 0.230755
0 0.517517 0.391442 0.519619 0.349402 0.529428 0.320441 0.545544 0.292414 0.563061 0.285874 0.578475 0.293348 0.586183 0.306428 0.576373 0.320441 0.564462 0.331652 0.558156 0.349402 0.554652 0.371824 0.549748 0.385837 0.54204 0.392377
0 0.553251 0.380232 0.563761 0.341928 0.574972 0.324178 0.592489 0.306428 0.598094 0.317638 0.602999 0.338191 0.597393 0.361547 0.591788 0.374626 0.56236 0.372758