0 0.317837 0.289604 0.309329 0.319513 0.307008 0.36283 0.317837 0.392739 0.341816 0.418523 0.361154 0.431931 0.37121 0.432962 0.37353 0.420586 0.362701 0.360767 0.354192 0.319513 0.337175 0.298886
0 0.350325 0.449464 0.326346 0.435025 0.295405 0.441213 0.265238 0.46184 0.251315 0.490718 0.239712 0.513408 0.229657 0.540223 0.257503 0.541254 0.279162 0.525784 0.298499 0.505157 0.312423 0.496906 0.332534 0.466997
0 0.315517 0.497937 0.305461 0.516502 0.308555 0.531972 0.32944 0.537129 0.34491 0.528878 0.365795 0.491749 0.382039 0.45462 0.387454 0.427805 0.380492 0.42368 0.367342 0.437087 0.358834 0.449464 0.348004 0.456683 0.331761 0.470091
0 0.387454 0.388614 0.387454 0.425743 0.392868 0.458746 0.403697 0.481436 0.421488 0.497937 0.4416 0.5 0.451655 0.496906 0.468673 0.481436 0.477181 0.473185 0.460164 0.436056 0.450882 0.410272 0.43077 0.390677 0.402924 0.390677
0 0.365022 0.222566 0.402924 0.249381 0.447014 0.27104 0.491105 0.298886 0.522819 0.326733 0.520498 0.300949 0.508895 0.268977 0.479502 0.245256 0.436959 0.221535 0.396736 0.220503
0 0.460164 0.303012 0.474861 0.354579 0.490331 0.380363 0.49884 0.40821 0.504254 0.43915 0.511989 0.393771 0.505801 0.353548 0.489558 0.322607
0 0.495746 0.250413 0.515857 0.240099 0.548345 0.235974 0.555306 0.244224 0.552986 0.277228 0.542157 0.298886 0.530554 0.319513 0.521272 0.304043 0.516631 0.270008 0.505801 0.256601
0 0.518951 0.230817 0.54061 0.198845 0.561494 0.185437 0.57155 0.20297 0.575418 0.237005 0.563041 0.257632 0.549892 0.283416 0.552212 0.250413 0.549892 0.23288 0.529007 0.234942
0 0.624923 0.169967 0.630337 0.207096 0.631884 0.237005 0.629564 0.277228 0.620282 0.319513 0.616414 0.343234 0.633431 0.304043 0.646581 0.290635 0.653543 0.283416 0.654316 0.251444 0.651222 0.218441 0.64194 0.191625
0 0.661278 0.278259 0.674428 0.272071 0.700727 0.276196 0.731668 0.293729 0.747912 0.308168 0.749459 0.318482 0.718518 0.319513 0.704595 0.3092 0.682936 0.293729 0.665919 0.288573
0 0.605585 0.366955 0.64194 0.34014 0.669013 0.323639 0.699954 0.323639 0.739403 0.328795 0.716197 0.313325 0.682163 0.294761 0.663598 0.280322 0.648128 0.289604 0.631884 0.308168 0.624149 0.331889 0.61332 0.344266
0 0.546798 0.288573 0.578512 0.291667 0.586247 0.303012 0.573871 0.321576 0.565362 0.338078 0.55608 0.365924 0.549118 0.380363 0.548345 0.394802 0.531327 0.395833 0.518951 0.406147 0.513537 0.403053 0.507348 0.381394 0.508895 0.361799 0.508122 0.346328 0.506575 0.322607 0.508122 0.311262 0.520498 0.318482 0.529007 0.323639 0.541383 0.300949
0 0.548345 0.426774 0.549118 0.403053 0.552986 0.376238 0.563815 0.34736 0.570777 0.321576 0.585473 0.306106 0.599397 0.306106 0.601717 0.333952 0.603264 0.365924 0.593982 0.376238 0.593982 0.387583 0.580832 0.407178 0.573097 0.415429 0.559174 0.422649
0 0.522819 0.414398 0.524366 0.436056 0.52978 0.45462 0.538289 0.470091 0.554533 0.473185 0.568456 0.472153 0.56923 0.451526 0.562268 0.443276 0.546798 0.436056 0.539062 0.417492
0 0.570003 0.497937 0.566136 0.46184 0.574644 0.436056 0.585473 0.405116 0.590114 0.395833 0.607132 0.395833 0.616414 0.412335 0.624149 0.437087 0.623376 0.458746 0.610999 0.474216 0.59785 0.490718 0.596303 0.498969
0 0.621055 0.406147 0.629564 0.397896 0.644261 0.40099 0.658184 0.415429 0.660504 0.42368 0.655863 0.435025 0.645808 0.449464 0.639619 0.464934 0.623376 0.468028 0.61564 0.481436 0.61332 0.488655 0.605585 0.494843 0.600944 0.496906 0.607905 0.476279 0.621829 0.457715 0.62647 0.440182
0 0.642713 0.462871 0.68603 0.424711 0.711556 0.421617 0.750232 0.436056 0.768796 0.455652 0.779626 0.472153 0.776532 0.488655 0.753326 0.524752 0.737856 0.544348 0.702274 0.550536 0.669787 0.540223 0.631884 0.530941 0.607905 0.516502 0.591662 0.516502 0.600944 0.501031 0.621055 0.482467
0 0.74327 0.546411 0.764929 0.577351 0.78272 0.616543 0.789681 0.649546 0.765702 0.650578 0.736309 0.624794 0.703821 0.586634 0.682936 0.551568 0.720065 0.552599
0 0.656637 0.559818 0.672881 0.578383 0.687577 0.61448 0.688351 0.639233 0.686804 0.671205 0.671334 0.649546 0.653543 0.626856 0.649675 0.618606 0.663598 0.611386 0.665919 0.595916 0.664372 0.572195
0 0.646581 0.536097 0.655863 0.555693 0.664372 0.584571 0.665919 0.601073 0.659731 0.612417 0.648128 0.618606 0.645808 0.601073 0.638846 0.571163 0.631111 0.551568 0.622602 0.534035 0.608679 0.525784 0.604811 0.519596 0.620282 0.520627
0 0.578512 0.520627 0.567683 0.531972 0.559174 0.570132 0.5584 0.607261 0.566136 0.643358 0.58702 0.672236 0.603264 0.694926 0.61332 0.702145 0.625696 0.677393 0.639619 0.658828 0.646581 0.62995 0.646581 0.606229 0.641166 0.574257 0.629564 0.546411 0.622602 0.530941 0.598623 0.520627 0.591662 0.519596
0 0.539062 0.497937 0.519725 0.474216 0.503481 0.472153 0.484916 0.485561 0.474087 0.497937 0.463258 0.519596 0.462485 0.539191 0.481049 0.552599 0.49884 0.572195 0.520498 0.582508 0.531327 0.578383 0.54061 0.557756 0.546024 0.53816 0.543704 0.510314
0 0.447014 0.497937 0.445467 0.511345 0.448561 0.536097 0.456296 0.56085 0.463258 0.575289 0.486463 0.577351 0.497293 0.571163 0.470993 0.547442 0.464805 0.540223 0.461711 0.521658 0.468673 0.502063 0.492652 0.491749 0.504254 0.472153 0.49884 0.459777 0.48569 0.457715 0.47022 0.473185 0.453202 0.488655
0 0.445467 0.543317 0.429997 0.550536 0.416847 0.564975 0.397509 0.590759 0.394415 0.623762 0.398283 0.656766 0.401377 0.681518 0.412206 0.700083 0.43077 0.689769 0.44392 0.666048 0.461711 0.643358 0.473314 0.602104 0.480275 0.578383 0.467126 0.577351 0.452429 0.56085
0 0.49884 0.673267 0.488784 0.694926 0.474087 0.732054 0.460164 0.766089 0.460164 0.788779 0.490331 0.784653 0.516631 0.769183 0.52746 0.741337 0.541383 0.711427 0.555306 0.663985 0.55608 0.639233 0.539836 0.645421 0.520498 0.657797
0 0.552212 0.636139 0.512763 0.658828 0.487237 0.677393 0.464805 0.681518 0.469446 0.651609 0.480275 0.627888 0.499613 0.613449 0.515857 0.603135 0.541383 0.601073 0.555306 0.605198
0 0.504254 0.580446 0.481822 0.616543 0.476408 0.630982 0.463258 0.671205 0.462485 0.688738 0.482596 0.681518 0.495746 0.674299 0.488011 0.694926 0.481822 0.710396 0.478728 0.716584 0.470993 0.704208 0.461711 0.687706 0.462485 0.654703 0.477181 0.633045 0.490331 0.608292 0.507348 0.604167 0.54293 0.601073 0.553759 0.593853 0.539836 0.579414 0.531327 0.578383
0 0.555306 0.636139 0.563041 0.671205 0.578512 0.687706 0.595529 0.69802 0.60017 0.683581 0.578512 0.661922 0.57155 0.639233 0.559174 0.6217
0 0.624923 0.687706 0.652769 0.696988 0.662051 0.688738 0.668239 0.658828 0.663598 0.639233 0.651222 0.62995 0.643487 0.645421 0.635752 0.662954