0 0.305461 0.24835 0.365022 0.260726 0.394415 0.265883 0.411433 0.272071 0.434638 0.30198 0.432317 0.27929 0.418394 0.240099 0.365022 0.217409 0.34259 0.217409 0.314743 0.229785
0 0.436185 0.272071 0.436185 0.200908 0.450108 0.155528 0.477955 0.131807 0.486463 0.145215 0.471767 0.192657 0.457843 0.223597 0.447014 0.261757 0.447014 0.290635 0.4416 0.308168
0 0.338722 0.216378 0.324799 0.190594 0.34259 0.186469 0.365795 0.194719 0.395189 0.201939 0.419941 0.222566 0.42845 0.250413 0.431544 0.27104 0.411433 0.230817 0.393642 0.223597 0.353419 0.209158
0 0.47254 0.420586 0.465579 0.374175 0.481049 0.331889 0.515857 0.300949 0.532874 0.338078 0.532874 0.3783 0.518951 0.417492 0.507348 0.445338 0.491878 0.449464 0.479502 0.430899
0 0.594756 0.174092 0.58702 0.205033 0.587794 0.247318 0.593982 0.300949 0.59785 0.316419 0.601717 0.30198 0.612546 0.307137 0.630337 0.330858 0.645034 0.350454 0.646581 0.312294 0.642713 0.264851 0.631111 0.22566 0.604811 0.194719
0 0.547571 0.425743 0.560721 0.3783 0.582379 0.336015 0.596303 0.31745 0.604811 0.348391 0.601717 0.393771 0.587794 0.412335 0.56923 0.435025 0.557627 0.44637
0 0.651996 0.356642 0.680616 0.349422 0.708462 0.363861 0.72548 0.376238 0.730121 0.391708 0.704595 0.407178 0.67056 0.413366 0.644261 0.410272 0.651222 0.382426
0 0.57155 0.45462 0.5847 0.425743 0.611773 0.40821 0.643487 0.40821 0.677522 0.429868 0.692218 0.452558 0.692218 0.479373 0.669013 0.47731 0.625696 0.465965 0.600944 0.469059 0.578512 0.463903
0 0.665145 0.504125 0.682936 0.482467 0.708462 0.46184 0.736309 0.433993 0.7541 0.427805 0.761061 0.440182 0.7541 0.468028 0.741723 0.501031 0.720838 0.517533 0.689124 0.523721 0.666692 0.523721
0 0.669787 0.556724 0.703048 0.608292 0.724706 0.656766 0.748685 0.681518 0.761835 0.673267 0.750232 0.607261 0.734762 0.568069 0.710783 0.541254 0.680616 0.541254
0 0.467899 0.537129 0.443147 0.519596 0.410659 0.524752 0.375851 0.539191 0.356513 0.568069 0.34259 0.61448 0.339496 0.638201 0.381265 0.643358 0.414527 0.643358 0.440826 0.624794 0.461711 0.596947 0.47254 0.56085
0 0.45939 0.507219 0.45707 0.483498 0.470993 0.457715 0.498066 0.44637 0.511216 0.450495 0.528233 0.48453 0.529007 0.528878 0.502707 0.548474 0.486463 0.539191 0.466352 0.517533
0 0.427676 0.516502 0.413753 0.487624 0.408338 0.429868 0.408338 0.411304 0.461711 0.420586 0.480275 0.432962 0.488784 0.445338 0.471767 0.456683 0.461711 0.469059 0.457843 0.490718 0.464032 0.52269 0.479502 0.530941 0.489558 0.543317 0.480275 0.549505 0.464805 0.53816 0.447014 0.52269
0 0.418394 0.498969 0.380492 0.505157 0.360381 0.498969 0.34259 0.478342 0.34259 0.464934 0.363475 0.444307 0.390548 0.426774 0.405244 0.422649 0.409112 0.431931 0.411433 0.462871
0 0.324025 0.450495 0.309329 0.46184 0.310876 0.483498 0.324025 0.506188 0.341816 0.520627 0.350325 0.535066 0.368116 0.547442 0.371983 0.536097 0.363475 0.51547 0.352645 0.492781 0.335628 0.472153
0 0.363475 0.544348 0.338722 0.528878 0.311649 0.528878 0.283803 0.530941 0.270653 0.542285 0.293085 0.580446 0.314743 0.601073 0.339496 0.612417 0.349551 0.587665 0.355739 0.556724
0 0.50116 0.575289 0.482596 0.590759 0.477181 0.641295 0.494972 0.6908 0.522819 0.725866 0.560721 0.748556 0.586247 0.755776 0.594756 0.757838 0.598623 0.714521 0.597076 0.657797 0.575418 0.606229 0.54293 0.579414 0.515857 0.57632
0 0.502707 0.710396 0.491105 0.75887 0.482596 0.802186 0.49884 0.876444 0.528233 0.851691 0.554533 0.814563 0.564588 0.754744 0.532874 0.741337 0.521272 0.721741
0 0.484916 0.68255 0.465579 0.686675 0.454749 0.712459 0.450108 0.749587 0.449335 0.769183 0.473314 0.748556 0.488011 0.748556 0.495746 0.727929 0.500387 0.705239
0 0.585473 0.628919 0.61564 0.648515 0.633431 0.673267 0.644261 0.693894 0.632658 0.712459 0.610999 0.723804 0.596303 0.727929 0.596303 0.71349 0.597076 0.683581 0.590114 0.653672
0 0.60017 0.633045 0.628017 0.643358 0.646581 0.65986 0.659731 0.680487 0.671334 0.704208 0.669013 0.717616 0.668239 0.741337 0.631111 0.738243 0.605585 0.735149 0.624923 0.718647 0.64194 0.706271 0.640393 0.684612 0.624923 0.65986 0.605585 0.643358
0 0.570003 0.537129 0.573097 0.582508 0.580832 0.605198 0.593209 0.62995 0.625696 0.643358 0.642713 0.650578 0.649675 0.661922 0.645808 0.602104 0.633431 0.564975 0.612546 0.546411 0.586247 0.537129
0 0.660504 0.507219 0.658957 0.529909 0.65741 0.564975 0.65509 0.594884 0.655863 0.615512 0.677522 0.625825 0.675975 0.602104 0.673654 0.573226 0.665145 0.54538
0 0.519725 0.451526 0.54293 0.443276 0.552986 0.45462 0.559174 0.476279 0.554533 0.494843 0.554533 0.512376 0.549892 0.533003 0.524366 0.54538 0.518951 0.539191 0.531327 0.526815 0.531327 0.498969 0.52746 0.475248 0.510442 0.453589 0.511216 0.44637 0.52746 0.45462
0 0.38668 0.645421 0.400603 0.676361 0.412206 0.69802 0.429223 0.734117 0.440826 0.754744 0.44392 0.747525 0.450108 0.721741 0.45707 0.6908 0.460938 0.678424 0.438506 0.662954 0.43077 0.647483 0.422262 0.643358 0.406791 0.644389