0 0.368889 0.486592 0.338722 0.47731 0.291538 0.496906 0.262144 0.54538 0.249768 0.610355 0.28767 0.592822 0.324025 0.549505 0.34259 0.524752
0 0.310102 0.330858 0.303914 0.389645 0.324025 0.437087 0.366569 0.465965 0.381265 0.465965 0.382039 0.456683 0.361154 0.382426 0.341043 0.342203
0 0.383586 0.457715 0.395189 0.450495 0.409112 0.463903 0.409112 0.505157 0.395189 0.542285 0.392868 0.563944 0.365795 0.575289 0.336402 0.574257 0.330987 0.549505 0.335628 0.53816 0.351098 0.512376 0.364248 0.493812 0.375851 0.476279
0 0.375851 0.420586 0.423035 0.415429 0.447014 0.433993 0.470993 0.473185 0.477181 0.492781 0.463258 0.503094 0.463258 0.517533 0.445467 0.521658 0.409112 0.514439 0.406791 0.494843 0.411433 0.465965 0.398283 0.447401 0.389001 0.455652 0.382812 0.456683 0.379718 0.433993
0 0.470993 0.544348 0.446241 0.568069 0.426903 0.603135 0.422262 0.654703 0.438506 0.702145 0.455523 0.718647 0.483369 0.674299 0.499613 0.635107 0.499613 0.57632 0.487237 0.573226 0.477181 0.556724
0 0.552212 0.492781 0.544477 0.476279 0.528233 0.466997 0.508895 0.479373 0.493425 0.501031 0.478728 0.535066 0.515857 0.563944 0.539062 0.572195 0.554533 0.563944 0.552212 0.543317 0.550665 0.511345 0.559947 0.508251
0 0.440826 0.311262 0.460938 0.361799 0.489558 0.405116 0.503481 0.433993 0.49884 0.386551 0.487237 0.344266 0.460164 0.323639
0 0.515857 0.431931 0.508122 0.420586 0.49884 0.406147 0.517404 0.394802 0.555306 0.377269 0.586247 0.373144 0.590888 0.356642 0.583926 0.354579 0.568456 0.363861 0.561494 0.37005 0.550665 0.382426 0.539062 0.394802 0.524366 0.410272
0 0.465579 0.261757 0.436959 0.246287 0.396736 0.235974 0.351872 0.247318 0.331761 0.252475 0.363475 0.267946 0.403697 0.274134 0.44392 0.28651 0.470993 0.297855 0.482596 0.312294 0.498066 0.338078 0.506575 0.356642 0.504254 0.322607 0.502707 0.308168 0.48569 0.299917 0.463258 0.288573 0.458617 0.273102
0 0.50116 0.308168 0.478728 0.294761 0.465579 0.284447 0.461711 0.270008 0.479502 0.249381 0.509669 0.23288 0.52746 0.22566 0.536742 0.237005 0.529007 0.26382 0.522819 0.28651
0 0.481822 0.242162 0.488011 0.216378 0.504254 0.192657 0.518951 0.177186 0.533648 0.188531 0.545251 0.217409 0.541383 0.240099 0.52978 0.224629 0.515857 0.22566
0 0.505801 0.357673 0.508895 0.316419 0.51431 0.289604 0.526686 0.278259 0.554533 0.280322 0.559947 0.289604 0.544477 0.311262 0.54061 0.34014 0.535195 0.36283 0.522045 0.388614 0.511216 0.391708
0 0.533648 0.377269 0.535195 0.346328 0.547571 0.312294 0.563041 0.288573 0.568456 0.280322 0.576965 0.319513 0.577738 0.349422 0.567683 0.360767 0.552212 0.371081
0 0.601717 0.314356 0.610226 0.24113 0.603264 0.185437 0.58702 0.139026 0.617188 0.182343 0.627243 0.239068 0.627243 0.258663 0.609452 0.281353
0 0.605585 0.312294 0.624149 0.256601 0.638072 0.242162 0.669013 0.240099 0.716971 0.24835 0.72548 0.260726 0.71233 0.26382 0.684483 0.256601 0.643487 0.249381 0.621055 0.266914
0 0.606358 0.315388 0.621829 0.268977 0.644261 0.252475 0.69918 0.255569 0.713103 0.266914 0.731668 0.278259 0.69686 0.281353 0.653543 0.27929 0.630337 0.294761
0 0.614867 0.48453 0.645034 0.430899 0.686804 0.382426 0.718518 0.358705 0.763382 0.380363 0.792775 0.403053 0.787361 0.431931 0.768796 0.471122 0.737082 0.492781 0.672881 0.502063 0.645034 0.491749 0.634205 0.48453
0 0.593209 0.47731 0.588567 0.422649 0.59785 0.3783 0.61332 0.374175 0.632658 0.384488 0.635752 0.40821 0.62879 0.43915 0.61332 0.464934
0 0.560721 0.420586 0.582379 0.383457 0.590888 0.360767 0.622602 0.358705 0.652769 0.376238 0.655863 0.392739 0.648128 0.414398 0.635752 0.429868 0.635752 0.417492 0.633431 0.383457 0.620282 0.374175 0.598623 0.374175 0.593982 0.394802 0.588567 0.42368
0 0.529007 0.415429 0.54061 0.438119 0.555306 0.45462 0.576965 0.458746 0.588567 0.453589 0.588567 0.440182 0.567683 0.428837 0.542157 0.418523
0 0.559947 0.486592 0.56923 0.473185 0.580059 0.460809 0.592435 0.466997 0.595529 0.479373 0.604811 0.487624 0.607132 0.492781 0.585473 0.496906 0.570003 0.494843 0.564588 0.496906
0 0.600944 0.506188 0.591662 0.524752 0.589341 0.56085 0.591662 0.592822 0.622602 0.627888 0.647355 0.651609 0.668239 0.665017 0.681389 0.605198 0.681389 0.550536 0.65741 0.518564 0.640393 0.507219 0.622602 0.5 0.610999 0.5
0 0.522819 0.569101 0.507348 0.620668 0.505028 0.683581 0.521272 0.732054 0.52978 0.683581 0.515084 0.671205 0.524366 0.627888 0.550665 0.61448 0.575418 0.607261 0.559947 0.582508
0 0.52978 0.680487 0.559947 0.65264 0.583926 0.62995 0.604811 0.61448 0.59785 0.600041 0.57155 0.605198 0.532874 0.617574 0.518178 0.644389 0.515084 0.671205
0 0.530554 0.681518 0.518178 0.756807 0.516631 0.790842 0.547571 0.777434 0.575418 0.737211 0.587794 0.678424 0.581606 0.645421 0.579285 0.634076 0.547571 0.658828
0 0.5847 0.628919 0.621829 0.661922 0.64194 0.661922 0.652769 0.656766 0.622602 0.632013 0.610226 0.61448
0 0.685257 0.585602 0.710783 0.615512 0.705368 0.569101 0.68603 0.533003 0.662051 0.498969 0.647355 0.495875 0.643487 0.504125 0.663598 0.523721 0.681389 0.555693
0 0.689124 0.503094 0.7278 0.533003 0.768796 0.558787 0.796643 0.574257 0.815207 0.571163 0.788908 0.530941 0.778079 0.507219 0.760288 0.491749 0.749459 0.48453 0.730121 0.492781
0 0.55608 0.554662 0.580059 0.558787 0.590114 0.559818 0.592435 0.53816 0.595529 0.512376 0.587794 0.505157 0.5584 0.509282 0.549892 0.513408