0 0.52978 0.605198 0.506575 0.65264 0.506575 0.715553 0.52746 0.76712 0.560721 0.795998 0.574644 0.807343 0.588567 0.748556 0.583153 0.692863 0.560721 0.642327
0 0.529007 0.575289 0.508122 0.555693 0.469446 0.549505 0.446241 0.566007 0.432317 0.595916 0.453202 0.627888 0.480275 0.640264 0.505801 0.628919 0.519725 0.608292 0.526686 0.59901
0 0.521272 0.561881 0.521272 0.543317 0.507348 0.526815 0.480275 0.528878 0.453202 0.543317 0.4416 0.573226 0.453202 0.557756 0.47022 0.549505 0.500387 0.549505
0 0.536742 0.564975 0.544477 0.528878 0.568456 0.503094 0.609452 0.495875 0.652769 0.513408 0.675201 0.534035 0.669787 0.577351 0.641166 0.620668 0.610226 0.639233 0.566909 0.624794 0.554533 0.608292 0.549892 0.596947 0.544477 0.572195
0 0.618735 0.638201 0.650449 0.635107 0.668239 0.616543 0.669787 0.59179 0.665145 0.58354 0.647355 0.612417 0.633431 0.626856
0 0.675975 0.549505 0.698407 0.543317 0.718518 0.530941 0.703821 0.508251 0.675201 0.468028 0.649675 0.459777 0.632658 0.459777 0.627243 0.471122 0.617188 0.482467 0.603264 0.478342 0.596303 0.468028 0.590888 0.478342 0.580059 0.489686 0.578512 0.496906 0.617961 0.493812 0.645034 0.511345 0.658957 0.517533 0.677522 0.535066
0 0.614093 0.47731 0.625696 0.463903 0.629564 0.438119 0.610226 0.422649 0.597076 0.42368 0.567683 0.419554 0.55608 0.41646 0.556853 0.426774 0.56923 0.445338 0.5847 0.458746 0.598623 0.469059
0 0.544477 0.458746 0.526686 0.458746 0.51431 0.475248 0.504254 0.497937 0.507348 0.51547 0.522045 0.518564 0.534421 0.523721 0.549892 0.521658 0.560721 0.506188 0.556853 0.490718
0 0.390548 0.40821 0.350325 0.444307 0.327119 0.478342 0.310876 0.503094 0.313196 0.539191 0.313196 0.582508 0.347231 0.539191 0.371983 0.492781 0.399056 0.444307 0.413753 0.411304 0.432317 0.403053 0.406791 0.398927
0 0.402924 0.307137 0.402924 0.327764 0.406018 0.355611 0.406791 0.384488 0.407565 0.40821 0.429223 0.409241 0.429997 0.388614 0.419941 0.373144 0.4153 0.344266 0.419168 0.329827
0 0.388227 0.405116 0.358834 0.397896 0.328666 0.379332 0.321705 0.34014 0.31629 0.318482 0.344137 0.31745 0.35806 0.313325 0.382039 0.331889 0.39983 0.348391 0.406791 0.363861 0.410659 0.387583 0.405244 0.399959
0 0.361154 0.40099 0.360381 0.418523 0.363475 0.428837 0.377398 0.418523 0.390548 0.40821 0.372757 0.399959
0 0.425356 0.327764 0.455523 0.34014 0.467899 0.356642 0.477955 0.379332 0.481049 0.406147 0.458617 0.387583 0.442373 0.367987 0.420715 0.348391
0 0.423809 0.359736 0.450108 0.394802 0.465579 0.42368 0.464805 0.432962 0.4416 0.406147 0.429223 0.396865
0 0.467126 0.456683 0.440053 0.449464 0.420715 0.449464 0.405244 0.46184 0.392095 0.476279 0.424582 0.471122 0.45707 0.46184
0 0.477955 0.358705 0.484143 0.31745 0.502707 0.298886 0.513537 0.297855 0.511216 0.330858 0.507348 0.375206 0.495746 0.402021 0.490331 0.433993 0.488011 0.450495 0.482596 0.413366 0.482596 0.376238
0 0.460164 0.27104 0.429223 0.224629 0.382812 0.21019 0.347231 0.21019 0.411433 0.226691 0.433091 0.253507
0 0.412206 0.207096 0.43077 0.155528 0.453202 0.137995 0.461711 0.143152 0.467126 0.175124 0.462485 0.198845 0.456296 0.217409 0.456296 0.238036 0.462485 0.24835 0.464032 0.264851 0.453202 0.245256 0.43077 0.223597
0 0.454749 0.217409 0.470993 0.179249 0.489558 0.14212 0.532101 0.092616 0.505801 0.143152 0.486463 0.181312 0.476408 0.215347 0.470993 0.249381 0.47022 0.283416 0.460164 0.252475
0 0.580059 0.162748 0.586247 0.125619 0.611773 0.096741 0.646581 0.120462 0.665919 0.146246 0.67056 0.181312 0.661278 0.226691 0.644261 0.257632 0.629564 0.281353 0.622602 0.289604 0.607905 0.267946 0.589341 0.229785 0.580832 0.188531
0 0.632658 0.285479 0.674428 0.260726 0.706915 0.255569 0.748685 0.273102 0.768796 0.297855 0.748685 0.322607 0.716971 0.345297 0.676748 0.355611 0.621055 0.336015 0.59785 0.327764 0.60017 0.312294 0.616414 0.323639 0.629564 0.32467 0.622602 0.295792
0 0.581606 0.237005 0.593209 0.259695 0.59785 0.276196 0.602491 0.294761 0.602491 0.306106 0.619508 0.319513 0.627243 0.322607 0.624923 0.30198 0.614867 0.27104 0.598623 0.24835 0.589341 0.230817
0 0.652769 0.410272 0.665145 0.369018 0.669787 0.351485 0.693765 0.351485 0.705368 0.357673 0.703821 0.367987 0.687577 0.380363 0.68371 0.393771 0.675201 0.415429 0.665145 0.421617
0 0.662825 0.44637 0.691445 0.476279 0.715424 0.483498 0.727027 0.497937 0.741723 0.518564 0.751006 0.526815 0.75642 0.516502 0.741723 0.48453 0.731668 0.465965 0.72548 0.447401 0.716197 0.406147 0.710009 0.379332 0.703821 0.37005 0.696086 0.379332 0.687577 0.380363 0.677522 0.404084 0.672881 0.420586 0.663598 0.424711
0 0.602491 0.409241 0.643487 0.404084 0.654316 0.405116 0.669013 0.351485 0.60017 0.326733 0.581606 0.381394 0.574644 0.409241
0 0.536742 0.157591 0.545251 0.21019 0.561494 0.244224 0.576191 0.265883 0.577738 0.242162 0.560721 0.185437
0 0.545251 0.213284 0.530554 0.239068 0.539836 0.3092 0.561494 0.331889 0.577738 0.338078 0.579285 0.36283 0.566136 0.377269 0.559174 0.389645 0.552986 0.412335 0.576965 0.384488 0.588567 0.327764 0.585473 0.287541 0.566909 0.254538
0 0.502707 0.217409 0.515084 0.259695 0.54061 0.311262 0.529007 0.235974
0 0.542157 0.319513 0.550665 0.341172 0.525913 0.374175 0.50116 0.403053 0.499613 0.429868 0.523592 0.405116 0.549118 0.391708 0.566909 0.387583 0.583153 0.361799 0.576965 0.334983